Average: 0.000248791
Error1: 0.000422561
Error2: 0.000259033
-----------------------------------------------------------WEIGHTS: 
W1: -15.6928
W2: 1.02752
b1: 0.35
W3: -0.0731029
W4: 16.9509
W5: 19.6059
W6: -12.8034
b2: 0.6
W7: -14.0155
W8: 3.73471
