Average: 0.00238833
Error1: 0.00454312
Error2: 0.00180099
-----------------------------------------------------------WEIGHTS: 
W1: -15.2858
W2: 0.934311
b1: 0.35
W3: 0.935669
W4: 18.1193
W5: 19.8973
W6: -12.818
b2: 0.6
W7: -14.179
W8: 3.78511
